$ANSIBLE_VAULT;1.1;AES256
34616433376532306166643736393239373535656237653934306261373031386132303734333162
6465373939653435323837663234646161313135313435630a393235356539616432376639373264
35313465396439613333336235636132643539353638363433366236653861353066633564646133
3964363461393131630a613830323532396232303938643565393235383062363231663630613533
61376430343866326666333739396237336337346239633731356430333861613139313061383631
38353436616232643438316431643937373066366535386166666231303830663162313765396562
37383263633263373466303235633635323636323036363533626262366234306135383831333464
31653932663437386462613231626133623136323866323434346663333465623434396663346566
63393161303636316539366539323034636165376635656165393164653633396339373961633637
39386138323664383661326137626562656130386533303863373339663637656566383465313937
62666333356462346666643564616130653234363031386163376233306261656434663139653666
65373065623333373638643661313036393936336333303962383130323764616131623339313134
61393662376363346238616561323763376533396537343338353362346161316631323435306430
61353961323236366333393763333062346163383838643934646535653930383437326338626661
61646236663162666662323234336531303037356361643733643961303462643765306561343863
63626364336633363864303933323662313737356230326639323762643064663631653364346632
34363434323565366364306530323866393235326663653134326433323239346636633330346131
36373330666134336263343735613561643432306238333831663432313638333466363064623533
61653261363338663933353263666637303132303066653533346137363332316535616639353433
62626366663430316439366137663235626137323766346165396164353837346536613364336232
37336132663534613637666638323336613839366233623730346134313565313063383037346363
34633039336362623062326535666163663761326663663963313632396165356261323431643937
30623761653665323864336565656666393933323637633434393337306534613333303235346539
38636131663932666130323135353333373835386539333439323463666330366535323234396131
39393537396230663132626264613636313930396633326365343734633735663432613164323463
39613731313763386632366339653438653634376431313030343333393466386562373165393936
30623164656632643331316332323462623935343439333237303632396366646336366333666334
30383134303166323639383366316564303634303232636132643234313233386536386334303932
61663234396662373632333134653135396263373939643064303263366534626664346537343733
35616533633964366331336238626435626538346133383538626161383565366262653038623666
64626266346231633963386139623934393766663537643336663933653831623263363562663932
33616365366666656334666334383663613637336633633032353930643665353661633865366139
35663261346633636638663830636463366434333334383861323930373139616132333563323233
32333035343064626364366238393336376662316136383965383265643666356332336566653731
30663235363861333564356462343231636562653835623635366462613436636462323461343539
34626235313135346466626637303835336464636165306439623536313666656230613738363962
34383337626532313561316334323135373139353137613161316562376162656231646138653038
61313737323237376164643631366561303333396565313638643830623963336438653235313933
34333466386266613961353335383131626366306439383965623833363836626536346131343631
32656334336533643462346462663662356130383033363630663830333139356263363833366239
36646530336439366635653430616131373437343233383638343565333464366237633939646330
39303534663735323539356432323965343662383531663333643532643539313131666139373737
38306166373365646138396266333132356530653633346435636261373063333436626537386366
34383661626462323839373437636436656233666337333131323563396337663133383136306161
63363161366436616136613835313435383266633338633236353361396566623235626562613963
34356239666137373166373639323334366637333339313735393430353865633634376231313735
33393038383830373762626163386162363834316564323662373961323239633031646461613138
63303239353030336438313733613730313363343838386633656131386330363531626365633063
30336231393839376363373432313862343566316133663265316333663561323031373763316565
66373233396464386333666263663865666461666438636330616564343466643066303466656665
33363435656366623838646338393066313031346238656330666631306363393965646632623836
31363864643663316330343235646463373339383065333364326434346232333239633234666164
31303838653564393861346434343966323262336631646534353365383061373236623830323533
63633334343263386131336438643530373565663837666162643432316330656239326433383761
37623564633034653161333630323136323566376330633633643531343864343038353731623263
66666231316632386461313335343830623032666637633065386231306435303332346334323537
64633664386638383339386266626339373239386134323135656337373830646633343065396230
61623266363730633735663437303938613936646537393830663838336462306234636236383063
32316339393236633563376263626133373035653364356634333264666537343764653331333832
34666562616263626630646461326563643533666565626539326262306636396337646330643839
33623935613334303130346231653932396239666261323461613461303861636466393437333962
30303739323262616337393935616364616165336332373562623134643630363061623261353765
37656163653963333133356666303639343462326634643735613161336230336232363863346433
63363039616564333438616466376631303839653835653962383535346264323166373630303331
38336136356162623635363361353732343438303566333464303261373637353461626163326338
62346662313835626562363265373333623436653633656139396634376235326130363064656232
65653036623738323465386362616439376137346339303861646561396532366262656163393437
37303064636430323131373261306337323335333030373931393862323739343663653866633863
39306532313730303164316233373561306433663164386564663633623039363164343463336363
34396163346639313966613064376135373234323936666138393563633836636235373139636231
64393833356230623864353363653137323065313336393364323137363461663332313930633762
39366233633663326164316639363234313864623164356336333063656565383263306230363135
63303639613839636235373130636439666436326363666363633537333030633266633361633066
33346363343832333834323765343261313764633462353538393235303436326637376138386661
37623066323934363139346266376537663737366638333963373036646566373664396135616161
62383236393161623837656466613230303332343864663330346437306464363032343161383931
31646638663034613531323938626664653939646137376333636236653133666136663665616336
37633261613732653131613030353538386366633134356532643663626635323836646134383330
35336661623561636163306433386337373663353162306563653138303163326464376466663435
63663038663936383439623337623837383662636232336566643664643738623332353338623864
31336534363833363461356539663332656630363230366432623430346435363935303735323262
32326661656263353130393862323838643533613961366530616261303964336638656361306463
61306634636534383636306665323338663765303931356130373837613363376432656261386538
64373265663438623664343737666262636138623266353036346639343234363330633332356263
62653331303132346366623831363836663935386362346230393265633832663333653136653264
65373638353338316264343432363530323436646165383366383331366663343638393961373033
39323139623139323265373637353434393231326235623632353132663663633461376264323336
37636362343034323564353336333233613664376165363035636363363037373236386134633437
36343561393138353735343132326565333463613563306330663864336466373335363136663736
63343265316264636164663136623465643932323862333030376538353132643135613037343938
63313530616339613232613261643139653635623066353565316166393133653664316366363163
34343836663666346236323965313236363830353263373861333665303638363536386639653337
36633064653235306264633463626338393336376332326139613231633333626636363537313361
62663663353736613538653861366433613636396634386631353665643939346563353330306564
65316531303565363838383731646439616139616664373166316461373833646235633963386437
36633666643935346433316536663632353361323564326461316438646530333065306264623831
6231
