$ANSIBLE_VAULT;1.1;AES256
30376531633666303639393664386639383831653866363865353063383738626363666236303535
6137633334353935616365306434333963623165313363340a636539356165663937376566316666
34306435663937333161646565626236613665656466623332663632353533656539333139323866
6130343231306231630a613932396132643065353039663732343338336461626333656563326638
65333364366461353736633738613863353739623261316538366139353364333930303534633237
31643634343534323034373861633139663932373130616266613938303161613235366536653532
65323864633863643261643636343133643565303735633033383366623831643532643365626234
61646330373265633336383437623030393730346166376338646633353031303239366634363230
38363763656631323036616237333538323864396632633363636439346630633031313738326338
37663335356430366666353838636631613131656430346165363561303063343330376138383330
63653362303162383838363539383635376136653766616138323732393462333532356638643336
61616262386334653466363862323131333266316262353539373934643431316235373866366263
62333635303462343034386430376363363536383762643233643637646238323630336132316439
32656363633634636634633066366133643166386437616235393330316130343930303766353464
38363832373161656565333336656661343139663332653935656135306362376262626365333736
38313034326335363934363333363834613130623637396330646437343036653239353665336131
32333063623832336434343939663632663631346366363130633864363736626462623736313030
66623865353464646131303030353364323738346235316139653634323330313665616239346138
64346464323363656439303061633662653366636663316431326162323039343065353437333131
65336337346635346130353537396563356438383561393064353539653032656563353963303739
34333733313561343366633531363166656336643264313136303266396137616165333564393561
35643832616437313430663235666661353466333832373035383136663662373739646233663231
39393134663565353439393932376633326361353765626439366565626465323235626663383963
33396563353433373939626536393061373037333434313561653962653361363733653634373536
30346535396238643732363632373132373166323234303938316539383834376437323839636334
36313365313632616336663638386461343135623263326363393038376564623934313361316231
32633839363236346539313862366564656131636532653538623335653266333861353065343466
38393930616131356132636637633663353963663336303730663038373265356131353737366635
64326432616234306636623837633535616463643838663365663262303131386661333666643938
34326234386232383636306133303730653237646262326534346437653261316231393933376131
30346162303361623138383733636130316566626234303063346132353937393032393338323561
38613362663632663936383637333937623535383266636532303334373437303635623439316338
65653136623235333565623237666533623439323963346561623863663930633931396436306535
37643439386364376539653531346132633862303934643832363932313966373834653262313461
30323730646139316462313766386133346264313332613336383637326135616233393935323730
64333639323835666664646566306466376530626262393464336330663938353964373464653763
32663465353631366665663035623638613631363737366630633337656437353534666532643761
62363864663534373038346435356264613563663331323566363663633733393965323966323264
30663832396135613236623564306237303838373532386637356461626434663431373333393738
62306164313738316362313063646261373862353638363038656337613063633564623332626237
34323565636636633031613235363237663765613435333639303034306639376436363137636133
31363237313536396639373764613134303763623832623161376538346265313562393065613732
31633735633165313865613465313066346433633038393533343461363634353834343537353737
34306335643661636531383232353432333261633137626231343338346236393335373131323036
31303536363565383637646363373034303065343433313363633037343336336238666536393238
66653238393462666462343138353864393163663063393062613433626366386431333235383166
33633933623137643162623132346237623739313630353231376630346135363735313932373063
62303935626130363636363034333536613733306165326266366564353765393863323737306335
39623038623036663432303633613030336539663430306637393837653364323738316137326261
37373936643163333637316163613161386134616636313031386331363666643630396331623264
33366263646633653835366664653865306335303562336237353361643038306432326430363865
63343038396266303937353035623030373330623761363533333134386163653035666464343038
33626435316534363333633037613336363330333930313138323032663234363734313534663130
34663263666562623030376266386164333132616338386366323834383237303637393639303937
34343630313232646339653837323031326264633236333162343536336462316535373065346432
65306166663530356231613033386336306438396437383063383939376164386539613266363638
64316437393361643864323166353166373332303632353663653032663430333239383466383262
61353539376664343533353262383133333165366262633630663137363164376131633431323763
33333961633735646165643961323134633161326539333964303938656539316665316165643334
38373532656430646662613634653461356539386566313636366639383636333531383839653165
61313133666664666663303265623130373834323861303063663065316332353233393435623635
37663266646130313334633732663530376630373736376439623739623336643736353566313834
35343634616164623962653266366538613538393738386635356639383834666433616531363061
35336334616136666562386535663731323266636634336365353362306362643263353963616135
37356566623839353131323238323038353266663265306535616631373336373966323338353163
36393239613235316265303633626237323232653463363136353663316537333536336161326366
38343365363030376665373561633261356463623662333266663036653331383234666137383133
61653037633735333835353632343763343734623963316565646165313533633530633139323866
32626630373539316530366434653436643761636537386537323662333739616634313666643032
37623662363661643937663432336236313236386330356131646132323539623634616432626261
65306330323164323435333436643532626163366637633432346137343438386139656234356663
34303263386334616436666333383861643731636437303938353631326332626230363364313962
36626435333234303830313438306131393635326239343538356630306436396635306162333534
65643231343930363332666538393131613166623665356366663237646163393161366230313838
65666237633034303736613534376531316632393961356636616639393265346661656563303135
35656437643430376637326336313261363464636465393539323531623233363038366337343265
35396266303965383134623634633234363239333038333334386131613739343733353336323962
36643164303737356330366562336339666365346338356563393763626138366264626564373961
33616363646535653938623566616436363833393066643366356664346464323163653531356338
31613832373165303662373637353266633138626232373966333138313762373565613835396332
66643733343531646661366236386266326434323030333431613132323131636537623832373937
64623634313132316635333766366131386637373233666266366630663337646162383434633332
62636565653966623431353564386238306664383861316638653262623131636235373136323532
37656538376465376333393265336366383963373562656136636630646161363730396335363362
63633666633138623964646263373363633334616535373836336331353465356239633137646533
30373738336661613436373333303937616339326261623935656535343038653465626166643738
38323033376434323663643234626432646263626664396265333836316338333566363736333163
38623665316334633733646663653232326464353533313363653939396536623861613966653636
33313432343164396235326330386533353633313830633437383963373063383065343634643962
38626431613733383637383838366138656234323035663933323566393530303135383839363434
37363765323830653033373938363634663866623563333162616561653664323338393365376163
65643466396465653062303635306366383238323533633065663563346434376337316566356364
6539
